589
90
687
359
42
203
409
649
654
66
292
163
114
82
492
519
228
215
57
616
629
731
627
138
203
156
411
812
747
527
544
345
213
476
860
668
363
899
391
565
474
234
679
648
261
69
588
882
98
832
280
459
813
895
328
462
388
50
971
986
76
797
209
942
136
223
833
359
199
382
713
978
891
579
962
883
639
95
94
569
212
41
265
158
487
354
311
90
410
987
197
48
574
58
737
511
925
428
272
895
393
622
270
0
194
838
229
182
531
494
409
236
730
754
3
466
960
183
107
751
20
554
45
252
187
627
220
147
469
513
237
457
934
972
453
306
285
239
540
641
77
419
359
411
55
570
18
429
228
967
998
810
229
52
839
551
859
315
537
404
429
877
892
234
270
169
139
825
72
52
544
345
917
852
305
337
31
257
664
750
663
818
19
826
741
892
793
753
172
861
488
258
846
647
150
744
427
372
227
706
649
735
718
406
977
66
922
58
655
438
681
505
349
462
216
561
691
105
706
384
975
13
221
279
584
860
655
290
311
533
730
460
214
98
267
8
517
185
907
419
19
786
841
496
560
201
154
841
793
458
486
191
337
234
386
45
353
201
678
6
555
129
754
629
365
422
814
621
292
789
899
123
645
429
596
758
214
199
974
147
532
230
151
409
31
6
856
605
452
870
791
383
235
409
935
184
377
48
357
214
756
166
500
192
949
323
847
502
786
931
707
940
861
327
59
855
577
441
456
61
792
346
462
151
341
197
876
695
303
154
696
553
155
38
104
28
738
278
121
225
784
916
230
370
446
829
416
371
812
89
143
848
595
827
728
914
966
668
386
796
197
554
462
368
349
490
675
87
115
569
490
513
427
482
279
351
541
698
152
744
864
880
247
466
776
172
597
665
23
93
301
199
566
539
376
757
468
742
243
141
353
316
468
241
207
600
990
171
419
307
742
382
503
763
593
526
629
787
471
445
513
170
986
269
998
553
986
816
425
56
866
767
285
846
153
203
856
435
467
854
167
337
274
881
537
817
446
120
450
120
147
593
264
44
309
510
765
371
638
858
942
98
166
284
95
262
873
359
325
406
442
883
577
704
700
809
880
109
212
60
284
433
504
802
910
545
248
146
853
908
240
154
868
425
934
761
456
644
993
60
183
425
223
844
695
51
592
70
561
749
970
270
28
382
616
690
204
450
66
770
935
542
328
144
937
101
667
307
797
883
511
913
842
154
407
692
336
238
735
45
478
133
168
58
499
306
795
326
322
298
385
528
874
579
292
472
808
985
478
418
398
370
608
869
771
680
523
798
298
283
967
210
884
529
852
117
607
759
0
657
173
448
957
126
387
139
620
821
996
677
738
828
254
206
394
93
574
800
169
272
668
478
199
479
593
552
940
639
791
896
540
959
171
568
307
271
771
726
615
514
929
542
122
419
68
251
675
864
665
570
387
920
48
318
265
105
47
295
210
435
17
201
676
949
830
630
268
776
631
120
212
402
100
700
131
109
591
783
614
696
714
897
964
96
878
196
167
591
218
40
488
433
830
645
745
710
349
277
156
16
899
457
159
182
942
132
692
774
532
529
184
409
979
236
140
595
586
95
686
105
517
185
568
438
317
402
7
855
689
789
611
818
113
645
753
400
481
561
944
260
793
966
139
377
260
503
699
828
319
737
826
277
733
151
454
668
13
456
457
672
542
171
14
951
517
791
418
3
986
416
414
979
132
676
314
357
886
279
983
933
491
545
694
477
829
711
559
340
885
731
30
502
748
971
516
638
681
22
513
504
620
339
420
297
438
111
796
892
656
886
954
27
286
381
605
319
87
367
965
267
568
906
130
572
242
43
510
108
684
799
678
82
865
303
309
110
147
120
216
773
978
219
499
721
22
927
13
573
534
315
625
459
512
857
775
533
891
120
185
105
382
527
42
293
111
902
646
920
363
645
276
478
292
292
838
445
89
986
604
63
316
658
504
801
433
86
5
262
720
423
992
321
384
751
6
441
837
520
701
401
283
691
92
125
346
664
773
185
557
377
282
616
853
692
976
740
274
789
375
32
481
922
466
579
404
338
612
34
644
27
249
765
236
734
59
640
714
327
456
142
34
246
740
326
57
209
143
713
415
167
281
127
846
286
330
98
588
440
629
773
769
26
456
421
577
604
607
191
348
892
814
73
38
43
274
725
900
255
494
409
32
357
803
101
85
993
569
331
64
600
988
495
426
406
103
336
659
939
868
829
334
901
984
679
250
175
513
251
318
737
530
559
340
615
115
549
685
370
639
238
501
106
626
47
346
773
649
819
853
312
185
732
172
59
5
534
661
125
289
657
124
802
749
57
130
250
1
922
189
514
526
608
342
783
340
422
87
115
500
399
116
179
486
63
33
916
582
450
991
139
367
903
963
542
655
914
33
86
792
283
425
542
653
533
31
733
186
175
730
55
103
539
1
596
381
272
923
274
188
468
255
647
564
330
821
681
947
480
686
842
668
881
545
485
962
380
861
664
114
440
827
140
263
159
274
471
620
576
636
427
204
647
985
119
591
398
386
755
479
859
889
14
759
784
722
818
969
850
522
680
642
300
228
810
854
733
461
149
46
314
557
598
447
747
475
812
521
4
546
102
683
939
710
323
282
483
381
402
147
112
36
222
824
372
966
520
926
404
322
292
886
312
895
931
625
533
518
943
309
522
582
192
39
79
206
796
708
598
613
842
668
565
337
633
271
769
583
231
86
522
475
468
813
562
939
524
266
855
760
873
386
815
31
11
103
161
990
447
559
164
133
327
816
15
546
127
527
900
327
768
504
35
808
482
201
130
278
122
769
638
801
875
164
121
438
279
204
489
426
310
334
363
30
209
564
950
47
915
332
466
63
133
835
690
870
806
968
924
636
587
435
186
69
285
118
99
92
213
47
756
708
392
725
254
386
776
738
889
932
820
782
203
500
141
515
259
490
646
675
994
550
597
539
828
832
192
407
783
492
974
814
823
469
741
444
982
969
22
85
129
746
403
704
823
910
208
863
466
669
845
37
631
315
224
621
72
293
997
690
482
275
512
962
626
20
574
676
705
923
619
838
946
964
860
828
872
555
618
249
600
317
982
242
310
342
87
174
591
669
478
201
592
202
282
648
904
238
882
257
423
614
547
477
938
858
183
697
143
224
597
809
203
18
385
445
405
503
152
901
402
232
141
873
311
889
935
207
251
352
870
972
183
555
511
722
369
58
852
444
111
999
101
803
238
92
915
153
270
77
184
718
659
313
856
834
390
201
712
990
615
579
888
363
359
653
289
780
98
906
54
674
222
573
912
216
517
649
158
930
292
586
570
823
443
794
898
849
429
118
536
530
936
936
897
505
296
469
631
87
764
885
956
47
384
541
366
361
4
435
724
981
44
921
231
995
967
813
677
894
890
925
696
859
338
524
257
154
524
988
13
144
679
108
964
182
257
192
732
527
208
931
160
85
177
465
890
457
781
257
589
754
203
960
884
895
696
493
324
397
803
60
841
57
894
928
112
511
789
868
163
272
798
886
799
417
624
680
577
394
959
254
979
487
861
608
885
870
404
536
87
296
211
619
848
960
971
226
665
882
851
426
504
852
475
733
654
613
715
856
991
719
974
502
227
115
643
341
223
134
416
893
790
748
265
962
92
714
519
460
763
286
45
901
266
216
824
545
227
627
912
264
214
487
642
96
187
774
237
37
368
758
439
673
909
86
525
823
290
285
268
976
118
982
408
309
305
563
781
631
409
49
829
956
154
369
403
304
307
81
549
689
820
228
71
973
434
111
746
281
895
578
205
276
498
153
218
11
134
876
797
987
686
138
223
980
728
243
760
31
991
704
451
653
657
564
164
36
569
199
81
677
329
681
77
924
640
345
835
48
536
959
896
541
170
471
640
852
573
734
729
261
60
357
763
644
677
424
868
786
375
953
244
786
225
932
46
745
664
867
95
621
989
382
731
692
374
398
819
151
79
604
956
967
49
719
320
537
56
366
706
405
738
799
214
417
732
145
680
773
434
715
290
543
7
907
986
693
695
729
40
713
554
94
621
137
160
418
646
771
795
883
163
921
156
102
772
674
461
749
61
13
349
775
580
620
330
113
253
710
868
428
867
784
617
508
39
334
109
585
320
341
943
760
731
174
978
503
755
127
646
132
92
937
791
497
937
546
312
614
133
525
509
827
711
987
806
239
360
326
707
985
111
384
416
403
577
310
287
247
914
357
188
639
559
586
671
272
807
528
312
280
483
464
512
631
721
491
506
637
989
324
215
815
761
79
385
659
51
0
911
203
976
329
198
784
956
225
176
672
990
163
284
145
263
266
919
105
817
761
158
467
134
625
654
774
625
107
990
80
12
400
505
375
139
821
111
735
732
614
930
549
86
429
678
565
481
999
325
135
642
900
316
361
886
180
720
755
151
962
33
334
974
891
720
802
179
726
526
692
370
608
514
950
843
463
88
565
794
589
556
119
619
132
47
846
293
839
151
25
877
473
863
612
613
600
980
271
489
798
980
835
463
466
588
855
324
1
956
601
897
55
259
565
320
473
497
376
318
24
956
862
191
54
860
770
954
595
518
350
178
142
371
517
287
836
393
501
138
103
623
566
611
603
102
271
557
487
561
129
282
590
515
3
4
169
851
460
401
231
186
846
619
924
413
362
36
895
837
820
476
591
443
935
983
372
112
141
603
962
877
321
73
118
739
45
855
29
226
673
562
125
429
292
31
799
624
775
344
81
479
595
566
876
46
295
84
398
3
985
835
439
136
407
869
816
871
226
757
552
796
257
627
67
252
791
49
491
835
146
305
605
216
871
180
91
686
915
996
391
911
534
729
286
629
229
945
231
669
160
277
563
703
381
160
965
515
225
97
650
249
247
594
307
977
301
853
808
772
162
64
853
153
119
842
105
917
998
102
597
4
366
394
954
817
317
726
567
65
514
117
345
743
903
919
800
404
158
885
929
104
839
949
4
499
876
222
807
658
817
278
146
289
394
670
991
909
661
319
847
450
978
157
200
25
139
943
695
388
642
104
495
813
490
195
520
57
300
392
906
636
821
658
625
859
499
975
20
242
49
711
60
527
701
823
200
915
438
958
367
853
316
223
630
411
210
200
814
316
921
697
452
339
452
689
771
154
426
935
395
401
113
577
724
130
244
906
241
795
640
414
432
940
745
352
576
101
34
609
504
396
528
530
392
903
263
666
883
824
700
366
756
230
514
116
191
225
708
749
494
117
598
310
779
784
150
617
76
837
437
610
829
990
323
374
155
675
293
172
985
791
33
224
650
522
279
574
463
665
8
445
76
651
395
988
693
911
121
456
740
841
613
114
908
310
90
502
791
153
469
136
569
864
147
87
225
588
153
214
571
29
813
748
372
342
677
503
69
786
816
158
749
365
349
620
4
284
392
457
805
161
507
223
429
648
869
298
925
695
810
685
289
201
893
590
205
599
98
936
526
572
498
606
928
407
230
171
879
126
79
217
183
609
695
384
768
587
714
516
34
858
930
920
715
229
911
822
196
453
805
282
263
159
927
832
532
548
28
107
388
384
865
76
700
101
436
153
269
60
390
34
620
801
349
24
511
656
579
284
695
930
530
923
611
687
122
815
734
734
38
797
285
379
537
856
109
187
92
881
908
991
99
916
588
771
209
633
462
146
627
555
893
154
581
993
965
704
718
882
373
812
624
621
635
316
94
55
470
308
596
541
496
763
186
221
981
473
58
414
661
388
493
697
263
688
83
640
876
716
16
79
455
700
873
454
259
113
467
636
534
596
885
325
331
212
269
255
17
10
538
7
6
555
843
931
539
292
66
29
339
846
275
818
990
626
238
380
945
94
174
460
978
262
536
543
185
728
243
16
185
773
913
956
333
110
151
701
330
971
500
361
958
528
71
144
810
555
781
976
902
542
889
414
852
232
583
174
958
119
899
815
639
254
730
989
340
119
452
858
838
854
280
735
145
617
153
390
269
801
181
680
276
787
704
171
626
735
123
53
802
673
626
871
933
564
276
370
557
353
583
686
992
171
663
690
143
795
1
311
112
833
702
85
518
768
246
49
857
439
538
423
838
756
945
613
96
719
148
192
161
947
191
199
954
88
644
964
949
628
174
532
983
344
156
572
487
544
932
885
867
880
831
525
402
250
455
643
703
457
621
551
782
795
26
701
989
787
431
793
696
7
177
455
759
934
705
568
561
812
794
382
700
336
727
561
558
56
922
503
495
576
488
907
437
650
542
792
654
510
594
527
23
741
940
92
530
469
767
399
615
634
582
34
172
752
925
870
821
212
921
278
484
411
778
366
678
807
133
545
535
464
708
188
921
975
554
63
307
298
153
989
19
698
485
953
310
631
297
608
450
312
826
810
303
533
981
929
691
283
22
582
223
9
431
762
287
665
972
270
119
759
446
175
259
965
814
990
953
648
350
672
768
898
14
602
802
694
518
89
960
413
787
876
306
986
447
169
746
526
805
263
557
575
833
268
112
613
609
722
425
434
968
328
426
161
51
648
761
83
188
408
321
718
958
46
943
859
126
441
321
177
479
367
2
907
458
138
295
668
27
365
81
239
632
105
328
717
65
534
625
241
408
884
591
601
302
365
376
64
731
654
883
575
422
479
356
564
500
53
160
635
644
67
105
160
234
706
196
36
742
834
562
390
687
968
341
566
447
965
630
717
101
533
760
476
306
776
248
176
836
420
953
997
490
314
68
693
278
332
129
405
32
458
462
148
936
698
889
946
462
243
835
11
728
421
568
276
651
130
782
103
191
244
755
990
953
575
77
109
637
776
415
48
684
584
177
453
975
192
273
226
842
9
108
30
44
835
924
383
440
423
690
474
604
944
158
406
51
419
531
881
324
849
785
808
825
711
434
207
490
668
524
998
767
492
607
545
716
417
511
787
139
610
337
965
856
388
813
47
341
104
325
145
366
234
135
877
539
873
371
978
318
136
721
157
142
328
192
777
887
832
337
767
951
661
608
142
593
142
196
60
647
625
884
863
671
290
910
600
829
470
814
677
506
639
608
587
191
782
923
411
648
411
360
490
952
644
574
305
957
580
923
297
488
349
637
649
748
943
679
776
949
95
516
931
649
433
691
667
492
248
776
603
66
820
323
433
932
992
934
921
646
482
259
501
558
601
293
964
668
571
244
232
462
561
213
898
740
662
745
490
63
644
37
417
474
516
569
808
89
760
207
163
869
387
862
69
341
705
194
658
356
366
133
42
835
627
382
946
220
839
878
239
282
523
895
549
238
391
758
656
439
579
403
885
116
510
607
597
783
882
45
487
727
300
840
285
99
34
831
246
920
786
984
911
858
706
99
991
683
745
749
226
118
185
494
466
520
713
999
152
384
136
739
146
888
377
809
771
195
850
434
476
528
287
386
157
343
733
380
797
320
152
38
81
354
250
486
932
690
240
472
491
158
995
256
229
336
62
389
604
790
327
997
255
359
514
655
533
963
66
25
593
277
946
417
830
745
661
888
798
550
727
396
959
181
418
265
48
177
155
977
314
448
783
124
606
481
436
65
632
920
892
571
747
626
718
950
608
9
618
385
249
832
33
812
22
444
245
525
983
765
937
192
231
993
94
81
389
365
968
508
959
934
36
244
918
290
426
903
205
895
799
813
77
731
123
281
188
566
151
74
534
780
515
348
9
694
54
591
20
490
485
292
334
6
469
860
604
381
692
27
380
600
668
638
168
488
432
348
290
643
56
714
525
853
848
41
132
491
355
32
151
560
629
311
941
620
580
732
665
856
439
590
966
409
167
626
516
667
822
165
705
591
873
561
625
0
173
575
522
220
318
576
442
845
776
313
809
849
478
20
556
818
480
289
993
233
341
500
431
258
241
2
451
74
737
104
886
836
206
430
405
195
768
139
878
671
701
401
438
836
462
735
666
36
247
16
495
21
676
684
804
151
893
350
255
73
342
420
104
310
86
815
140
16
987
237
22
804
321
706
687
702
441
766
477
298
621
803
351
212
181
373
563
106
683
697
436
449
562
348
80
504
280
602
130
283
658
305
631
36
53
304
507
272
128
926
199
888
678
519
716
701
52
635
236
92
871
211
348
510
754
778
880
680
141
309
158
991
335
854
733
337
448
467
614
123
112
849
894
316
784
446
939
656
683
653
125
112
119
825
969
68
781
515
598
739
636
670
894
712
57
843
703
322
225
238
917
618
59
855
376
93
141
722
987
975
366
365
712
267
1
49
154
480
732
652
560
869
805
893
823
929
243
610
593
508
865
521
554
120
131
797
131
976
634
39
321
921
309
69
681
657
567
779
926
661
237
812
786
385
502
148
431
836
606
496
123
80
424
72
749
205
744
130
591
664
238
541
501
246
436
885
615
997
410
554
160
111
349
463
220
576
10
638
341
256
239
39
366
151
710
183
412
594
526
239
888
535
940
855
748
631
204
71
436
222
983
71
83
806
484
51
343
47
779
270
839
54
524
287
298
262
760
481
750
953
528
567
672
560
557
490
930
231
223
805
626
571
738
797
289
397
684
341
415
354
436
892
343
356
767
656
351
572
989
199
355
99
808
881
870
512
634
632
324
535
990
198
874
497
856
729
193
434
393
572
355
709
490
554
910
710
185
498
811
692
751
339
846
453
637
990
285
775
47
781
732
539
28
865
865
633
360
140
409
819
429
494
228
141
239
795
440
878
160
932
221
173
793
381
122
158
500
462
756
346
838
491
998
61
77
641
504
708
521
336
672
382
763
998
519
275
196
76
78
531
571
461
189
126
457
322
5
263
7
831
176
868
276
240
435
104
101
704
29
596
688
235
869
679
701
567
33
768
761
294
754
577
974
198
755
176
352
220
632
668
301
130
875
910
98
525
304
343
265
591
463
6
963
566
918
226
591
931
65
138
540
355
933
667
859
214
364
600
787
463
892
327
721
6
111
152
67
545
2
552
480
466
153
354
759
843
286
89
355
763
763
18
560
761
831
270
578
900
355
123
646
338
733
967
300
152
243
793
852
725
71
444
651
927
333
328
305
175
54
778
400
631
13
348
651
990
471
576
73
441
382
245
144
191
816
728
146
856
687
20
904
444
660
936
966
33
125
377
422
216
569
857
499
981
894
906
460
156
990
843
434
437
987
179
513
770
880
248
839
736
964
246
697
708
635
331
697
728
784
635
331
427
854
667
56
338
740
755
554
934
316
331
466
148
289
702
334
798
835
156
27
531
99
802
50
462
353
433
498
962
274
761
740
133
226
223
82
686
151
460
407
992
566
401
441
767
377
563
124
563
96
692
398
625
791
792
216
82
419
804
846
462
846
93
797
440
709
720
240
506
484
832
712
543
972
63
200
275
639
541
40
972
720
831
949
825
727
701
547
938
528
41
464
787
40
227
454
628
661
398
642
718
155
914
606
203
621
585
319
341
668
691
97
704
427
967
54
335
265
355
657
160
762
357
193
710
50
646
587
448
253
949
504
912
975
48
176
408
124
123
715
955
61
142
61
323
161
623
573
251
87
566
307
571
909
748
252
810
896
786
528
441
286
440
111
941
679
601
856
466
197
627
785
79
513
802
47
901
385
376
125
928
421
359
575
654
877
127
337
345
80
68
876
946
657
440
332
734
321
108
684
598
281
946
506
2
991
908
381
567
626
271
949
361
700
73
943
603
138
530
235
75
901
105
505
449
170
534
458
158
882
34
387
118
438
447
262
884
967
223
450
743
705
925
820
227
162
128
880
504
565
28
262
940
292
945
8
904
762
410
679
934
777
119
157
321
154
299
856
114
258
903
131
173
827
973
375
880
883
766
213
133
380
600
710
253
471
668
550
874
45
847
6
136
358
108
210
941
406
470
425
616
357
701
242
994
79
906
113
338
553
368
386
281
655
325
288
108
475
849
129
811
650
146
2
547
656
391
136
50
27
83
225
199
134
650
858
342
659
337
568
553
354
456
128
828
352
252
637
612
805
939
612
227
442
210
702
364
646
846
838
231
218
966
103
201
743
678
713
615
757
252
635
755
959
845
295
93
993
748
6
841
848
682
761
414
253
321
216
674
100
140
740
19
198
698
469
18
994
37
986
968
10
951
356
941
823
79
790
107
453
59
948
134
781
854
961
76
5
668
819
713
161
928
952
67
134
641
896
696
62
446
924
790
607
2
495
108
335
733
534
732
241
208
125
761
71
767
551
165
902
527
733
88
415
161
460
177
630
822
686
75
249
310
589
853
688
729
201
231
662
143
108
248
111
249
510
804
210
207
270
406
160
905
743
930
675
177
921
76
716
987
813
560
214
316
807
878
324
820
541
855
964
364
417
990
429
73
5
764
255
171
612
384
432
537
546
891
367
13
377
655
369
32
140
518
586
969
99
274
59
831
167
149
138
628
561
234
276
784
718
640
392
7
584
668
904
64
229
950
6
610
384
183
224
418
64
560
923
105
144
705
41
341
881
921
446
585
612
746
528
172
83
836
746
396
148
514
128
285
252
504
575
299
213
294
673
138
823
100
492
122
574
573
917
457
498
265
668
362
665
31
859
194
495
944
703
97
476
772
728
854
274
113
452
914
609
264
813
392
503
1
994
431
597
463
921
153
846
200
365
503
206
44
677
977
113
181
550
56
497
75
834
616
383
872
233
149
864
534
168
392
227
790
288
231
577
781
90
87
632
363
249
287
520
99
146
777
121
32
304
315
861
834
198
291
162
323
901
65
309
899
577
163
861
498
302
666
613
556
835
871
335
273
268
861
394
216
590
778
632
562
385
204
319
508
430
9
10
683
55
376
369
150
741
695
649
774
849
930
111
58
729
566
271
415
883
521
580
858
854
860
393
91
141
0
686
461
873
743
763
754
634
596
874
296
502
773
513
435
336
394
17
436
899
947
130
833
380
113
680
774
57
103
44
430
712
442
371
26
914
298
388
458
911
508
488
900
209
290
434
200
122
879
233
50
283
538
547
311
458
615
120
973
777
495
451
747
719
92
209
687
90
119
946
771
895
115
398
638
254
850
267
593
817
670
917
332
301
876
467
858
247
34
455
113
447
932
592
898
893
855
577
211
516
844
64
539
916
768
296
39
194
390
846
789
715
267
626
768
972
673
961
57
670
602
538
758
576
235
19
84
194
693
970
334
599
78
259
931
691
228
223
57
111
508
526
345
150
856
38
127
71
921
87
490
284
122
530
143
528
647
584
649
652
381
904
930
114
799
8
752
981
20
789
45
176
921
333
675
832
669
51
354
830
350
861
838
887
466
146
554
829
708
978
40
338
244
248
47
786
941
575
400
562
227
224
420
538
357
461
954
786
78
104
606
882
516
701
549
120
555
389
